Node,x,y
0, 0,0
1, 10,0
2, 20,0
3, 30,0
4, 40,0
5, 10,-10
6, 20,-10
7, 30,-10

Element, Connectivity
0, 1,2
1, 2,3
2, 3,4
3, 4,5
4, 1,6
5, 2,6
6, 2,7
7, 3,7
8, 4,7
9, 4,8
10, 5,8
11, 6,7
12, 7,8

NumNodes, 8
NumElements, 13

PinDOFS, 3
DOFS with Pins, 1,8,9

Properties
Elastic, 2020
Area, 1

Node DOFs
0, 1, 2, 3
2, 3, 4, 5
4, 5, 6, 7
6, 7, 8, 9
0, 1, 10, 11
2, 3, 10, 11
2, 3, 12, 13
4, 5, 12, 13
6, 7, 12, 13
6, 7, 14, 15
8, 9, 14, 15
10, 11, 12, 13
12, 13, 14, 15

ElemLengths, 10,10,10,10,14.142135623730951,10,14.142135623730951,10,14.142135623730951,10,14.142135623730951,10,10
ElemThetas, 0,0,0,0,-0.7853981634,1.570796327,-0.7853981634,1.570796327,0.7853981634,1.570796327,0.7853981634,0,0

ForceMatrix, 0,0,0,0,0,0,0,0,0,0,0,-50,0,-50,0,-50










