Node,x,y
0, 0,0
1, 10,0
2, 20,0
3, 0,-10
4, 10,-10
5, 20,-10
6, 5,-5
7, 15,-5
8, 25,-5

Element, Connectivity
0, 1,2
1, 2,3
2, 4,5
3, 5,6
4, 1,7
5, 2,7
6, 2,8
7, 3,8
8, 4,7
9, 5,7
10, 5,8
11, 6,8
12, 2,5
13, 3,6
14, 3,9
15, 6,9

NumNodes, 9
NumElements, 16

PinDOFS, 3
DOFS with Pins, 0,1,6

Properties
Elastic, 2003
Area, 1

Node DOFs
0, 1, 2, 3
2, 3, 4, 5
6, 7, 8, 9
8, 9, 10, 11
0, 1, 12, 13
2, 3, 12, 13
2, 3, 14, 15
4, 5, 14, 15
6, 7, 12, 13
8, 9, 12, 13
8, 9, 14, 15
10, 11, 14, 15
2, 3, 8, 9
4, 5, 10, 11
4, 5, 16, 17
10, 11, 16, 17

ElemLengths, 10,10,10,10,7.071067812,7.071067812,7.071067812,7.071067812,7.071067812,7.071067812,7.071067812,7.071067812,10,10,7.071067812,7.071067812
ElemThetas, 0,0,0,0,-0.7853981634,0.7853981634,-0.7853981634,0.7853981634,0.7853981634,-0.7853981634,0.7853981634,-0.7853981634,1.570796327,1.570796327,-0.7853981634,0.7853981634

ForceMatrix, 0,0,0,0,0,0,0,0,0,0,0,0,0,0,0,0,0,-50



